0.001000
0.476009
0.952018
1.42803
1.90404
2.38005
2.85605
3.33206
3.80807
4.28408
4.76009
5.2361
5.71211
6.18812
6.66413
7.14014
7.61615
8.09215
8.56816
9.05578
9.53179
10.0078
10.4838
10.9598
11.4358
11.9118
12.3878
12.8639
13.3399
13.8159
14.2919
14.7679
15.2439
15.7199
16.1959
16.6719
17.1479
17.6239
18.1
18.576
19.052
19.528
20.004
20.48
20.956
21.432
21.908
22.384
22.86
23.3361
23.8121
24.2881
24.7641
25.2401
25.7161
26.1921
26.6797
27.1441
27.6201
28.0961
28.5838
29.0482
29.5242
30.0002
30.4762
30.9522
31.4282
31.9042
32.3802
32.8562
33.3322
33.8083
34.2959
34.7603
35.2479
35.7239
36.1999
36.6643
37.1519
37.6395
38.1039
38.58
39.056
39.532
40.008
40.484
40.96
41.436
41.912
42.388
42.864
43.34
43.8161
44.2921
44.7681
45.2557
45.7201
46.1961
46.6721
47.1481
47.6241
48.1117
48.5761
49.0638
49.5282
50.0042
50.4802
50.9678
51.4438
51.9198
52.3842
52.8602
53.3362
53.8122
54.2882
54.7642
55.2402
55.7162
56.1923
56.6683